// Top
13 25 0 10 21 1
39 25 0 10 21 1
65 25 0 10 21 1
91 25 1
117 25 1
143 25 1
169 25 1
195 25 0 10 21 1
// bottom
13 1 180 1 53 3
37 1 6
39 1 7
41 1 8
63 1 6
65 1 7
67 1 8
89 1 6
91 1 7
93 1 8
115 1 6
117 1 7
119 1 8
143 1 180 1 53 3
169 1 180 1 53 3
195 1 180 1 53 3
// Left window
1 13 3
27 13 3
53 13 3
79 13 3
105 13 270 1 36 4
131 13 270 1 36 4
157 13 270 1 36 4
183 13 270 1 36 4
// Right window
25 13 90 12 52 2
51 13 90 12 52 2
77 14 5
77 12 4
103 14 5
103 12 4
129 14 5
129 12 4
155 14 5
155 12 4
181 13 90 12 52 2
207 13 90 12 52 2
// 
// 13 25 0 10 21 1
// 25 13 90 12 52 2
// 13 1 180 1 53 3
// 1 13 270 1 36 4
// 1 --> 2
12 24 38 24
12 23 38 23
12 22 38 22
12 21 38 21
12 20 38 20
12 19 38 19
// 1 --> 8
19 12 201 12
20 12 202 12
21 12 203 12
22 12 204 12
23 12 205 12
24 12 206 12
// 2 --> 1
40 24 14 24
40 23 14 23
40 22 14 22
40 21 14 21
40 20 14 20
40 19 14 19
// 2 --> 3
28 12 54 12
29 12 55 12
30 12 56 12
31 12 57 12
32 12 58 12
33 12 59 12
//3 --> 2
54 14 28 14
55 14 29 14
56 14 30 14
57 14 31 14
58 14 32 14
59 14 33 14
// 3 --> 4
66 7 92 7
66 6 92 6
66 5 92 5
66 4 92 4
66 3 92 3
66 2 92 2
// 4 --> 3
90 7 64 7
90 6 64 6
90 5 64 5
90 4 64 4
90 3 64 3
90 2 64 2
// 4 --> 5
97 14 123 14
98 14 124 14
99 14 125 14
100 14 126 14
101 14 127 14
102 14 128 14
// 5 --> 4
97 12 123 12
98 12 124 12
99 12 125 12
100 12 126 12
101 12 127 12
102 12 128 12
// 5 --> 6
116 24 142 24
116 23 142 23
116 22 142 22
116 21 142 21
116 20 142 20
116 19 142 19
// 6 --> 5
144 24 118 24
144 23 118 23
144 22 118 22
144 21 118 21
144 20 118 20
144 19 118 19
// 6 --> 7
132 12 158 12
133 12 159 12
134 12 160 12
135 12 161 12
136 12 162 12
137 12 163 12
//7 --> 6
158 14 132 14
159 14 133 14
160 14 134 14
161 14 135 14
162 14 136 14
163 14 137 14
// 7 --> 8
170 7 196 7
170 6 196 6
170 5 196 5
170 4 196 4
170 3 196 3
170 2 196 2
// 8 --> 7
194 7 168 7
194 6 168 6
194 5 168 5
194 4 168 4
194 3 168 3
194 2 168 2
// 8 --> 1
201 14 19 14
202 14 20 14
203 14 21 14
204 14 22 14
205 14 23 14
206 14 24 14
