// IN
// 1 53
// A
11 56 24 56
12 56 25 56
// B
24 57 11 57
25 57 12 57
// C
24 58 37 58
25 58 38 58
// D
37 59 24 59
38 59 25 59
// E
47 64 34 64
47 63 34 63
// F
35 64 48 64
35 63 48 63
// G
58 64 45 64
58 63 45 63
// H
46 64 59 64
46 63 59 63
// I
4 51 56 64
4 50 56 63
// J
57 64 5 51
57 63 5 50
// K
1 49 14 49
2 49 15 49
// L
14 48 1 48
15 48 2 48
// M
14 47 27 48
15 47 28 48
// O
50 47 63 47
51 47 64 47
// P
53 47 66 47
54 47 67 47
// Q
76 47 24 34
77 47 25 34
// R
1 32 27 32
2 32 28 32
// S
1 33 1 20
2 33 2 20
// T
35 38 48 38
35 37 48 27
// U
50 31 63 31 
51 31 64 31
// V
60 28 73 28
60 27 73 27
// W
66 30 27 17
67 30 28 17
// X
27 21 40 21
28 21 41 21
// Y
41 24 54 24
41 25 54 25
// Z
55 25 66 25
55 24 66 24
// AA
68 25 66 22
68 24 66 21
// AB
68 22 69 19
68 21 69 18
// AC
71 19 72 15
71 18 72 14
// AD
75 15 77 22
75 14 77 21
// AE
8 15 21 15
8 14 21 14
// AF
24 20 11 7
25 20 12 7
// AG
7 12 20 12
7 11 20 11
// AH
14 9 27 9
15 9 28 9
// AI
27 6 40 6
28 6 41 6
// Y
41 1 54 24
41 2 54 25
// Out
77 19 180 13 1 0
