// In
// X Y 1 36
// A
6 36 90 15 36
6 35 90 15 35
// B
8 36 270 1 23
8 35 270 1 22
// C
10 23 90 22 36
10 22 90 22 35
// D
17 36 270 24 36
17 35 270 24 35
// E
31 36 90 21 23
31 35 90 21 22
// F
12 23 270 33 36
12 22 270 33 35
// G
38 36 90 45 36
38 35 90 45 35
// H
40 36 270 32 18
40 35 270 32 17
// I
47 18 90 56 34
47 17 90 56 33
// J
47 34 270 58 36
47 33 270 58 35
// K
63 36 90 64 18
63 35 90 64 17
// L
49 18 270 1 13
49 17 270 1 12
// M
6 13 90 21 4
6 12 90 21 3
// N
6 4 270 23 13
6 3 270 23 12
// O
28 13 90 43 4
28 12 90 43 3
// P
28 4 270 45 13
28 3 270 45 12
// Q
50 13 90 61 9
50 12 90 61 8
// R
52 9 270 45 4
52 8 270 45 3
// S
50 4 90 30 25
50 3 90 30 24
// Out
23 25 270 1 13 0
